0.696513 0
0.434024 0
0.749091 0
0.67227 0
-0.63529 0
-1.06623 0
0.463868 0
-1.50767 0
0.969829 0
0.832589 0
2.1084 0

-5.20522,0.640912,2.36478,4.49819,3.81837,-4.00035,-2.42861,-1.26982,1.71586,-1.64801,1.81009 -3.06375
-0.258869,0.999023,-0.53809,2.80304,-5.6955,-9.7519,-0.534153,2.99452,-3.73972,-5.10962,-3.10782 7.81398
0.586687,-1.3922,2.10434,2.82689,-1.37208,2.42263,-8.69142,-2.23388,-3.75361,6.72414,0.419971 -2.04019
0.825844,-3.42966,-3.43839,1.7309,-0.0452037,4.71292,2.82378,6.99638,1.31596,1.32525,2.50035 -10.0162
-1.05997,3.45489,-5.67798,0.663857,0.548184,-2.11911,4.2466,-0.51305,-7.75737,-2.86286,1.46345 0.684846
7.54434,-0.922169,0.404637,4.14164,3.30163,2.9499,-1.56411,-0.76719,-5.79067,-7.33457,1.28721 -0.868666
-1.95222,-0.152817,-0.205385,-2.13478,-1.29176,11.2829,2.23061,-0.812973,-3.01761,-1.16726,-9.67782 3.68453
3.01624,-1.10893,0.681524,-4.7569,-1.13163,2.24757,-6.0393,0.699148,-1.12616,1.56845,0.140963 -0.746479
-3.95751,2.69463,-6.25664,3.09407,-2.80942,12.0757,-8.73273,0.919111,2.40216,-5.69373,-7.42971 -5.46726
3.86167,0.0558592,-7.65623,5.25666,2.17556,-1.59131,-1.82732,-0.0900709,-2.29628,-0.898138,-0.000699836 -2.38585
-0.102957,-2.1119,-3.39422,-2.59506,4.01845,8.68425,1.41585,0.264574,-0.275504,-2.48836,-5.31419 2.93821
0.904194,2.69194,-3.78288,-1.95394,0.658079,-10.4847,4.61754,1.38616,-5.06777,-1.45716,3.58182 2.97654
-1.53923,0.0950643,1.86298,0.709333,1.53603,-0.41296,3.55819,-0.745622,-2.91673,-0.559909,-7.23776 0.349189
-0.701154,3.13117,0.562691,2.92772,1.80546,8.9804,1.6651,0.677266,0.453289,2.45222,-1.81761 -5.93164
-1.6925,-0.85999,-3.52514,-1.15096,3.84402,1.52996,5.17889,-4.81657,-1.69079,0.523468,4.13219 2.34952

0.00651382,1.76253,-2.14676,0.448937,-6.09152,1.29769,3.12039,-1.83494,-0.339563,3.76347,-2.8223,1.36325,-5.23417,-2.16236,-0.468552 -6.81289
0.573729,0.443522,-1.68319,0.962404,1.30873,1.27544,1.91532,0.766524,0.678345,0.732728,-3.88449,-0.429919,3.72544,-1.60591,0.599795 0.694811
-0.758697,0.25523,-1.96762,-1.65377,3.30298,-3.15883,0.0751795,0.721991,-0.0806651,0.0927156,-0.188038,-2.272,-1.93753,-1.65618,-0.506328 -5.00972
1.65495,-0.926867,-0.437072,-1.45394,1.365,-3.1066,0.666331,0.129599,-0.414336,2.05768,-2.07286,1.71111,3.07798,0.17441,-2.01996 1.02303
-1.03714,-3.64643,0.975512,-0.393976,5.3061,-5.04731,3.97926,-1.67615,-3.53827,5.37675,2.45393,-0.841769,-2.23741,-2.40162,0.219277 3.29126
0.46828,0.858769,-3.1057,0.164825,4.17437,-3.73228,-2.45671,2.74229,1.38806,0.827021,1.47936,1.35112,5.18097,0.320787,-4.58452 -2.57294
-0.0272356,1.78619,-1.40671,2.92808,-5.12274,0.566885,2.02863,0.578179,-0.00554189,2.08511,-1.05925,2.04348,-2.97997,-2.13289,-1.73683 -5.64716
1.55459,1.23833,0.39832,-0.471099,2.92449,-3.9899,-1.18368,0.95374,-5.54986,3.42322,5.53159,2.56339,-2.39522,-0.679087,-3.77949 -6.40319
-1.38224,0.07591,-2.8553,-2.44579,-1.10416,0.490717,-0.392013,-1.73831,-0.0981549,-0.134593,0.168536,0.0825197,0.269732,-0.0354315,-0.103013 -2.14396
-1.97764,1.29495,-0.0742593,-1.824,3.19235,-2.06293,-2.37831,-0.29019,-2.26112,3.09684,2.02283,-4.3111,-2.09799,-0.30243,-2.00526 0.725874

-0.427364,-0.945064,5.46809,-0.568853,-3.7531,-2.35666,0.21636,2.01501,2.73447,-1.53822 1.88448
-0.784867,-1.08593,4.16817,0.784007,0.683781,1.22435,0.156678,-2.525,-0.355277,-1.20057 -2.704
-2.119,-0.161989,2.82544,0.255183,-0.346172,-2.32678,0.833693,-0.697194,1.34617,0.0992885 0.484728
-0.170126,-1.10904,5.2119,-0.633922,-1.03812,-6.40623,1.01759,0.00897851,2.13571,0.475112 -3.38695
1.19444,-1.32971,4.51567,0.344349,-1.89188,-0.543088,-1.35528,-1.32291,-0.298729,-0.054733 -1.69018

-0.660186,-0.312206,0.453605,-0.408731,0.42647 0.263218

